%YAML:1.0
---
K: !!opencv-matrix
   rows: 3
   cols: 3
   dt: d
   data: [ 3.9749526822392249e+02, 0., 3.3676453308088099e+02, 0.,
       4.5034845457606127e+02, 2.5363158345420081e+02, 0., 0., 1. ]
D: !!opencv-matrix
   rows: 1
   cols: 5
   dt: d
   data: [ -4.8828549619076161e-01, 4.5058216965580677e-01,
       2.8587169009752902e-02, -3.1831965758317947e-03,
       -2.3002514552538855e-01 ]
