%YAML:1.0
---
K: !!opencv-matrix
   rows: 3
   cols: 3
   dt: d
   data: [ 1.0875656337311459e+03, 0., 6.2214796560768025e+02, 0.,
       1.0964987411422801e+03, 2.1609377938777214e+02, 0., 0., 1. ]
D: !!opencv-matrix
   rows: 1
   cols: 5
   dt: d
   data: [ -6.5108537476999781e-02, -1.2083697085504902e-01,
       -2.1955787500091778e-02, 5.4844671249323317e-03,
       3.0351535523272849e-01 ]
