%YAML:1.0
---
K: !!opencv-matrix
   rows: 3
   cols: 3
   dt: d
   data: [ 1.4833639786822653e+03, 0., 6.6187027151951963e+02, 0.,
       1.4897129523902006e+03, 3.0119730355009796e+02, 0., 0., 1. ]
D: !!opencv-matrix
   rows: 1
   cols: 5
   dt: d
   data: [ 1.2777605459175308e-02, 7.0422175946761922e-01,
       -1.8644345260358706e-02, 7.5047789166382550e-03,
       -3.3800631458983155e-01 ]
