%YAML:1.0
---
K: !!opencv-matrix
   rows: 3
   cols: 3
   dt: d
   data: [ 1.4599871090044048e+03, 0., 6.4903806149798049e+02, 0.,
       1.4636925383901519e+03, 3.0898034109479414e+02, 0., 0., 1. ]
D: !!opencv-matrix
   rows: 1
   cols: 5
   dt: d
   data: [ -1.2235670317685085e-04, 9.3605232432448116e-01,
       -1.3404750526202873e-02, 5.2013607454848582e-03,
       -9.0507434257665942e-01 ]
