%YAML:1.0
---
K: !!opencv-matrix
   rows: 3
   cols: 3
   dt: d
   data: [ 7.0640515905462428e+02, 0., 3.1007791755028677e+02, 0.,
       9.0105702191400155e+02, 2.1947850964105945e+02, 0., 0., 1. ]
D: !!opencv-matrix
   rows: 1
   cols: 5
   dt: d
   data: [ -1.0091559328883605e-01, 2.0437959937472234e+00,
       8.9195637922294471e-03, 4.9094255986758802e-04,
       -8.0664018985617485e+00 ]
